5.71548	39
6.2428	11
6.77224	4
7.2995	22
7.82889	39
8.35609	53
8.88541	33
9.41256	14
9.94182	19
10.4689	31
10.9981	40
11.5251	24
12.0543	17
12.5812	13
13.1103	29
13.6372	20
14.1641	32
14.6931	30
15.2199	28
15.7489	26
16.2756	24
16.8024	18
17.3312	25
17.8579	16
18.3867	37
18.9133	30
19.4398	27
19.9685	26
20.4951	36
21.0216	22
21.5502	37
22.0766	21
22.603	37
23.1315	32
23.6579	1
24.1842	30
24.7126	34
25.2389	18
25.7651	22
26.2934	28
26.8196	47
27.3457	25
27.874	45
28.4001	33
28.9261	32
29.4521	27
29.9803	36
30.5062	44
31.0322	36
31.5581	44
32.0861	29
32.6119	18
33.1377	44
33.6635	30
34.1914	40
34.7171	42
35.2428	27
35.7685	36
36.2963	49
36.8219	56
37.3475	43
37.873	41
38.3985	26
38.9262	32
39.4516	58
39.977	53
40.5024	42
41.0278	13
41.5531	30
42.0785	51
42.6059	52
43.1311	47
43.6564	54
44.1815	61
44.7067	47
45.2318	44
45.7569	29
46.2842	37
46.8092	38
47.3342	43
47.8592	44
48.3842	60
48.9091	40
49.434	31
49.9589	45
50.4837	48
51.0085	48
51.5333	48
52.058	45
52.5828	40
53.1075	44
53.6343	62
54.1589	46
54.6835	46
55.2081	58
55.7326	50
56.2571	63
56.7816	69
57.3061	75
57.8305	77
58.3549	61
58.8793	65
59.4036	82
59.9279	73
60.4522	80
60.9743	64
61.4985	86
62.0227	75
62.5469	112
63.071	94
63.5951	78
64.1192	67
64.6433	87
65.1673	104
65.6913	109
66.2152	81
66.7391	103
67.263	79
67.7869	118
68.3086	84
68.8324	98
69.3562	113
69.88	99
70.4037	117
70.9274	96
71.451	127
71.9747	90
72.4962	89
73.0197	88
73.5433	120
74.0668	131
74.5903	103
75.1137	94
75.635	132
76.1584	114
76.6818	125
77.2052	113
77.7285	117
78.2496	92
78.7729	89
79.2961	96
79.8193	100
80.3403	106
80.8635	112
81.3866	108
81.9097	120
82.4327	110
82.9536	119
83.4766	108
83.9995	86
84.5204	112
85.0433	117
85.5661	81
86.089	112
86.6097	113
87.1324	92
87.6552	110
88.1758	132
88.6985	110
89.2212	128
89.7417	122
90.2643	103
90.7869	118
91.3073	123
91.8298	112
92.3523	119
92.8727	115
93.3951	113
93.9175	125
94.4378	104
94.9601	127
95.4824	111
96.0026	108
96.5248	114
97.0449	124
97.5672	107
98.0893	119
98.6093	102
99.1315	121
99.6514	94
100.173	137
100.693	113
101.215	101
101.737	130
102.257	109
102.779	118
103.299	112
103.821	114
104.34	103
104.862	126
105.382	97
105.904	104
106.423	113
106.945	89
107.464	115
107.986	126
108.505	108
109.027	124
109.546	98
110.068	121
110.587	109
111.109	114
111.628	124
112.149	107
112.669	104
113.188	116
113.709	127
114.228	124
114.749	101
115.269	124
115.79	126
116.309	129
116.828	104
117.349	120
117.868	112
118.389	107
118.908	108
119.427	112
119.948	118
120.466	132
120.985	103
121.506	126
122.025	106
122.543	107
123.064	114
123.583	121
124.101	117
124.622	139
125.141	103
125.659	103
126.18	106
126.698	100
127.217	125
127.737	127
128.256	111
128.774	121
129.292	106
129.813	112
130.331	119
130.849	111
131.367	134
131.888	87
132.406	112
132.924	107
133.442	117
133.962	115
134.48	127
134.998	124
135.516	117
136.036	134
136.554	121
137.072	137
137.59	138
138.108	108
138.625	117
139.145	122
139.663	116
140.181	139
140.698	114
141.216	116
141.734	129
142.253	122
142.771	137
143.288	111
143.806	104
144.323	122
144.841	105
145.358	120
145.876	139
146.395	130
146.912	133
147.43	110
147.947	130
148.464	131
148.981	119
149.499	118
150.016	159
150.533	135
151.05	127
151.567	105
152.084	131
152.601	139
153.118	125
153.635	123
154.152	106
154.669	121
155.186	125
155.703	136
156.219	121
156.736	131
157.253	130
157.77	132
158.286	142
158.803	118
159.32	131
159.836	133
160.353	118
160.869	127
161.386	135
161.902	139
162.419	114
162.935	121
163.452	127
163.968	115
164.485	115
165.001	143
165.515	138
166.031	143
166.548	125
167.064	137
167.58	115
168.096	157
168.612	101
169.128	106
169.642	114
170.158	119
170.674	136
171.19	124
171.706	119
172.222	123
172.736	137
173.252	134
173.768	130
174.284	129
174.799	127
175.315	126
175.829	141
176.344	123
176.86	130
177.376	147
177.889	117
178.405	112
178.92	135
179.436	139
179.949	111
180.465	122
180.98	121.5
181.496	121
182.009	129
182.524	121
183.039	123
183.555	112
184.068	134
184.583	142
185.098	126
185.611	135
186.127	118
186.642	143
187.155	127
187.67	111
188.185	127
188.698	145
189.213	129
189.728	149
190.24	123
190.755	125
191.27	108
191.783	110
192.298	108
192.81	133
193.325	128
193.84	118
194.353	125
194.867	118
195.38	136
195.894	114
196.409	133
196.921	126
197.436	127
197.948	130
198.463	127
198.975	142
199.49	135
200.004	137
200.516	105
201.031	133
201.543	121
202.057	107
202.569	130
203.083	126
203.595	146
204.11	146
204.622	125
205.136	113
205.648	127
206.162	145
206.674	129
207.188	144
207.699	120
208.211	137
208.725	114
209.237	116
209.751	134
210.263	142
210.776	142
211.288	137
211.8	128
212.313	153
212.825	139
213.339	141
213.85	128
214.362	124
214.875	142
215.387	119
215.9	140
216.411	132
216.923	130
217.436	115
217.947	127
218.459	112
218.972	110
219.483	111
219.994	133
220.508	131
221.019	128
221.53	131
222.043	105
222.554	144
223.065	125
223.578	132
224.089	117
224.6	138
225.111	146
225.624	128
226.135	152
226.646	132
227.156	151
227.669	129
228.18	130
228.691	124
229.201	136
229.714	113
230.225	150
230.735	139
231.246	134
231.756	154
232.269	132
232.779	137
233.29	129
233.8	127
234.311	117
234.821	126
235.333	142
235.844	120
236.354	121
236.864	126
237.375	133
237.885	145
238.397	132
238.907	122
239.417	125
239.927	144
240.437	118
240.947	136
241.457	161
241.967	136
242.477	136
242.987	151
243.499	152
244.009	136
244.519	152
245.029	128
245.538	147
246.048	140
246.558	126
247.068	134
247.577	128
248.087	131
248.596	122
249.106	135
249.616	137
250.125	128
250.635	135
251.144	163
251.654	135
252.163	150
252.672	146
253.182	145
253.691	147
254.2	145
254.71	135
255.219	127
255.728	140
256.237	131
256.746	136
257.255	135
257.762	141
258.272	130
258.781	123
259.29	142
259.799	139
260.308	132
260.816	153
261.325	133
261.834	143
262.343	145
262.85	132
263.359	134
263.867	114
264.376	133
264.885	126
265.393	144
265.9	125
266.409	127
266.917	130
267.426	123
267.934	128
268.443	136
268.949	137
269.458	125
269.966	147
270.475	124
270.981	134
271.489	144
271.998	124
272.506	129
273.014	136
273.52	139
274.028	126
274.537	150
275.045	144
275.551	154
276.059	143
276.567	133
277.073	151
277.581	130
278.089	133
278.597	149
279.103	144
279.611	133
280.118	157
280.624	130
281.132	124
281.64	118
282.145	132
282.653	152
283.161	131
283.667	156
284.174	115
284.68	164
285.187	140
285.695	145
286.2	124
286.708	123
287.215	118
287.721	98
288.228	142
288.733	142
289.241	143
289.746	129
290.253	157
290.761	131
291.266	143
291.773	145
292.278	106
292.785	136
293.29	145
293.797	131
294.302	114
294.81	159
295.315	148
295.822	152
296.326	151
296.833	137
297.338	147
297.845	152
298.35	128
298.857	161
299.361	150
299.868	139
300.373	142
300.88	136
301.384	136
301.891	155
302.396	153
302.9	127
303.407	130
303.911	120
304.418	155
304.922	134
305.426	121
305.933	165
306.437	128
306.944	149
307.448	143
307.952	134
308.459	140
308.963	120
309.467	146
309.973	145
310.477	133
310.983	144
311.488	124
311.992	129
312.496	136
313.002	158
313.506	154
314.01	124
314.516	118
315.019	126
315.523	143
316.029	123
316.533	114
317.037	113
317.54	145
318.046	147
318.55	137
319.054	137
319.557	126
320.063	112
320.566	151
321.07	134
321.574	138
322.079	145
322.583	150
323.086	123
323.589	147
324.093	137
324.598	140
325.102	119
325.605	135
326.108	143
326.611	132
327.115	146
327.62	159
328.123	137
328.626	133
329.129	150
329.632	131
330.135	139
330.638	146
331.143	114
331.646	157
332.149	135
332.652	129
333.155	129
333.658	139
334.161	138
334.664	137
335.166	124
335.669	128
336.172	135
336.675	121
337.177	136
337.682	152
338.185	150
338.687	143
339.19	114
339.692	172
340.195	142
340.697	141
341.2	125
341.702	163
342.205	146
342.707	157
343.209	134
343.712	144
344.214	143
344.716	107
345.216	140
345.718	123
346.221	152
346.723	161
347.225	129
347.727	138
348.229	147
348.731	132
349.233	140
349.735	144
350.237	125
350.739	149
351.241	134
351.741	140
352.242	134
352.744	138
353.246	144
353.748	139
354.25	154
354.751	141
355.251	137
355.753	142
356.254	151
356.756	151
357.257	156
357.759	138
358.258	113
358.76	133
359.261	137
359.763	154
360.264	153
360.763	124
361.265	126
361.766	134
362.267	137
362.767	138
363.268	128
363.769	139
364.27	147
364.769	134
365.271	131
365.772	138
366.273	133
366.772	139
367.273	145
367.774	137
368.273	157
368.774	146
369.275	129
369.775	142
370.274	132
370.775	132
371.276	159
371.775	130
372.275	135
372.774	132
373.275	130
373.775	143
374.274	113
374.775	145
375.275	130
375.774	153
376.274	151
376.773	154
377.273	136
377.774	143
378.272	164
378.772	131
379.271	137
379.771	120
380.271	155
380.77	148
381.27	137
381.768	146
382.268	134
382.766	137
383.266	124
383.765	152
384.265	155
384.763	115
385.263	130
385.761	156
386.261	126
386.759	127
387.258	141
387.756	135
388.256	146
388.754	147
389.254	145
389.752	148
390.251	149
390.749	115
391.247	115
391.746	138
392.244	122
392.744	130
393.241	125
393.741	135
394.238	153
394.736	137
395.235	149
395.733	156
396.23	141
396.73	136
397.227	134
397.726	142
398.224	158
398.721	154
399.22	138
399.717	113
400.214	153
400.714	137
401.211	141
401.708	117
402.207	112
402.704	140
403.201	130
403.698	154
404.197	120
404.694	142
405.191	148
405.69	127
406.187	149
406.684	162
407.18	119
407.679	134
408.176	117
408.673	124
409.169	121
409.668	159
410.165	135
410.661	140
411.158	156
411.654	152
412.153	147
412.649	155
413.146	138
413.642	154
414.139	132
414.635	153
415.134	139
415.63	159
416.126	145
416.623	140
417.119	148
417.615	141
418.111	163
418.61	136
419.106	148
419.602	160
420.098	144
420.594	137
421.09	156
421.586	122
422.082	148
422.578	128
423.074	144
423.57	132
424.068	137
424.564	134
425.059	152
425.555	152
426.051	150
426.547	148
427.043	143
427.538	140
428.034	136
428.53	123
429.025	132
429.521	143
430.016	150
430.512	168
431.007	147
431.503	122
431.998	131
432.494	133
432.989	134
433.485	147
433.978	149
434.473	131
434.968	138
435.464	129
435.959	143
436.454	154
436.949	115
437.445	147
437.94	124
438.435	157
438.93	139
439.423	139
439.918	167
440.413	132
440.908	142
441.403	127
441.898	155
442.393	135
442.885	120
443.38	129
443.875	139
444.37	171
444.865	155
445.359	138
445.852	130
446.347	147
446.841	151
447.336	147
447.831	141
448.323	119
448.818	145
449.312	153
449.807	139
450.299	172
450.794	121
451.288	144
451.782	150
452.275	135
452.769	160
453.263	134
453.756	136
454.25	153
454.744	151
455.238	132
455.73	137
456.225	158
456.719	154
457.211	171
457.705	134
458.199	158
458.691	153
459.185	143
459.679	169
460.171	143
460.665	123
461.156	162
461.65	147
462.144	128
462.636	157
463.13	169
463.621	159
464.115	119
464.609	116
465.1	146
465.594	158
466.086	143
466.579	151
467.071	150
467.564	125
468.058	149
468.549	123
469.043	155
469.534	161
470.027	138
470.519	136
471.012	149
471.503	155
471.997	164
472.488	135
472.981	136
473.472	148
473.965	141
474.457	144
474.948	145
475.441	134
475.932	130
476.425	142
476.916	144
477.409	142
477.9	159
478.393	149
478.884	129
479.375	146
479.867	161
480.358	151
480.851	126
481.342	148
481.832	143
482.325	138
482.816	143
483.307	153
483.799	124
484.29	131
484.78	149
485.273	139
485.763	130
486.254	148
486.746	141
487.237	124
487.727	165
488.22	147
488.71	158
489.2	142
489.693	140
490.183	134
490.673	147
491.164	129
491.656	147
492.146	158
492.636	143
493.126	135
493.618	144
494.108	117
494.598	133
495.088	151
495.581	135
496.07	144
496.56	146
497.05	142
497.54	145
498.032	149
498.522	162
499.012	125
499.501	133
499.991	144
500.481	172
500.973	155
501.462	130
501.952	142
502.442	154
502.931	174
503.421	145
503.91	127
504.4	129
504.891	125
505.381	125
505.87	144
506.36	149
506.849	158
507.338	162
507.828	146
508.317	146
508.806	152
509.296	159
509.785	147
510.274	139
510.763	133
511.252	142
511.741	149
512.231	137
512.72	153
513.209	150
513.698	147
514.187	160
514.676	154
515.165	156
515.654	103
516.142	129
516.631	146
517.12	163
517.609	144
518.098	157
518.586	160
519.075	175
519.564	149
520.053	150
520.541	146
521.03	132
521.518	157
522.005	170
522.494	157
522.982	127
523.471	140
523.959	136
524.447	149
524.936	158
525.424	155
